108
1 1 2 3
1 1 4 3
5 5 6 6
7 7 8 8
9 0 0 10
1 1 2 3
1 1 4 3
5 5 6 6
7 7 8 8
0 9 0 10
1 1 2 3
1 1 4 3
5 5 6 6
7 7 8 8
0 0 9 10
1 1 2 3
1 1 4 3
5 5 6 6
0 0 8 8
7 7 9 10
1 1 2 3
1 1 4 3
5 5 6 6
0 8 8 0
7 7 9 10
1 1 2 3
1 1 4 3
5 5 6 6
8 8 0 0
7 7 9 10
1 1 2 3
1 1 4 3
5 5 6 6
8 8 9 0
7 7 0 10
1 1 2 3
1 1 4 3
5 5 6 6
8 8 9 0
0 7 7 10
1 1 2 3
1 1 4 3
5 5 6 6
8 8 9 10
0 7 7 0
1 1 2 3
1 1 4 3
5 5 6 6
8 8 9 10
0 0 7 7
1 1 2 3
1 1 4 3
5 5 6 6
0 0 9 10
8 8 7 7
1 1 2 3
1 1 4 3
0 0 6 6
5 5 9 10
8 8 7 7
1 1 2 3
1 1 4 3
0 6 6 0
5 5 9 10
8 8 7 7
1 1 2 3
1 1 4 3
6 6 0 0
5 5 9 10
8 8 7 7
1 1 2 3
1 1 4 3
6 6 9 0
5 5 0 10
8 8 7 7
1 1 2 3
1 1 4 3
6 6 9 0
0 5 5 10
8 8 7 7
1 1 2 3
1 1 4 3
6 6 9 10
0 5 5 0
8 8 7 7
1 1 2 3
1 1 4 3
6 6 9 10
0 0 5 5
8 8 7 7
1 1 2 3
1 1 4 3
0 0 9 10
6 6 5 5
8 8 7 7
0 0 2 3
1 1 4 3
1 1 9 10
6 6 5 5
8 8 7 7
0 2 0 3
1 1 4 3
1 1 9 10
6 6 5 5
8 8 7 7
2 0 0 3
1 1 4 3
1 1 9 10
6 6 5 5
8 8 7 7
2 0 4 3
1 1 0 3
1 1 9 10
6 6 5 5
8 8 7 7
2 4 0 3
1 1 0 3
1 1 9 10
6 6 5 5
8 8 7 7
2 4 3 0
1 1 3 0
1 1 9 10
6 6 5 5
8 8 7 7
2 4 3 0
1 1 3 10
1 1 9 0
6 6 5 5
8 8 7 7
2 4 3 10
1 1 3 0
1 1 9 0
6 6 5 5
8 8 7 7
2 4 3 10
1 1 3 0
1 1 0 9
6 6 5 5
8 8 7 7
2 4 3 10
1 1 3 9
1 1 0 0
6 6 5 5
8 8 7 7
2 4 3 10
1 1 3 9
1 1 5 5
6 6 0 0
8 8 7 7
2 4 3 10
1 1 3 9
1 1 5 5
0 6 6 0
8 8 7 7
2 4 3 10
1 1 3 9
1 1 5 5
0 0 6 6
8 8 7 7
2 4 3 10
0 0 3 9
1 1 5 5
1 1 6 6
8 8 7 7
0 4 3 10
2 0 3 9
1 1 5 5
1 1 6 6
8 8 7 7
4 0 3 10
2 0 3 9
1 1 5 5
1 1 6 6
8 8 7 7
4 3 0 10
2 3 0 9
1 1 5 5
1 1 6 6
8 8 7 7
4 3 10 0
2 3 0 9
1 1 5 5
1 1 6 6
8 8 7 7
4 3 10 9
2 3 0 0
1 1 5 5
1 1 6 6
8 8 7 7
4 3 10 9
2 3 5 5
1 1 0 0
1 1 6 6
8 8 7 7
4 3 10 9
2 3 5 5
1 1 6 6
1 1 0 0
8 8 7 7
4 3 10 9
2 3 5 5
1 1 6 6
1 1 7 7
8 8 0 0
4 3 10 9
2 3 5 5
1 1 6 6
1 1 7 7
0 8 8 0
4 3 10 9
2 3 5 5
1 1 6 6
1 1 7 7
0 0 8 8
4 3 10 9
2 3 5 5
0 0 6 6
1 1 7 7
1 1 8 8
4 3 10 9
2 3 5 5
0 6 6 0
1 1 7 7
1 1 8 8
4 3 10 9
2 3 5 5
6 6 0 0
1 1 7 7
1 1 8 8
4 3 10 9
2 3 0 0
6 6 5 5
1 1 7 7
1 1 8 8
4 3 0 9
2 3 10 0
6 6 5 5
1 1 7 7
1 1 8 8
4 3 0 9
2 3 0 10
6 6 5 5
1 1 7 7
1 1 8 8
4 0 3 9
2 0 3 10
6 6 5 5
1 1 7 7
1 1 8 8
0 4 3 9
2 0 3 10
6 6 5 5
1 1 7 7
1 1 8 8
2 4 3 9
0 0 3 10
6 6 5 5
1 1 7 7
1 1 8 8
2 4 3 9
6 6 3 10
0 0 5 5
1 1 7 7
1 1 8 8
2 4 3 9
6 6 3 10
0 5 5 0
1 1 7 7
1 1 8 8
2 4 3 9
6 6 3 10
5 5 0 0
1 1 7 7
1 1 8 8
2 4 3 9
6 6 3 0
5 5 0 10
1 1 7 7
1 1 8 8
2 4 3 0
6 6 3 9
5 5 0 10
1 1 7 7
1 1 8 8
2 4 3 0
6 6 3 9
5 5 10 0
1 1 7 7
1 1 8 8
2 4 3 0
6 6 3 0
5 5 10 9
1 1 7 7
1 1 8 8
2 4 0 3
6 6 0 3
5 5 10 9
1 1 7 7
1 1 8 8
2 0 4 3
6 6 0 3
5 5 10 9
1 1 7 7
1 1 8 8
0 2 4 3
6 6 0 3
5 5 10 9
1 1 7 7
1 1 8 8
0 2 0 3
6 6 4 3
5 5 10 9
1 1 7 7
1 1 8 8
0 0 2 3
6 6 4 3
5 5 10 9
1 1 7 7
1 1 8 8
6 6 2 3
0 0 4 3
5 5 10 9
1 1 7 7
1 1 8 8
6 6 2 3
5 5 4 3
0 0 10 9
1 1 7 7
1 1 8 8
6 6 2 3
5 5 4 3
1 1 10 9
1 1 7 7
0 0 8 8
6 6 2 3
5 5 4 3
1 1 10 9
1 1 7 7
0 8 8 0
6 6 2 3
5 5 4 3
1 1 10 9
1 1 7 7
8 8 0 0
6 6 2 3
5 5 4 3
1 1 10 9
1 1 0 0
8 8 7 7
6 6 2 3
5 5 4 3
1 1 0 9
1 1 10 0
8 8 7 7
6 6 2 3
5 5 0 3
1 1 4 9
1 1 10 0
8 8 7 7
6 6 0 3
5 5 2 3
1 1 4 9
1 1 10 0
8 8 7 7
0 6 6 3
5 5 2 3
1 1 4 9
1 1 10 0
8 8 7 7
0 6 6 3
5 5 2 3
1 1 4 0
1 1 10 9
8 8 7 7
0 6 6 0
5 5 2 3
1 1 4 3
1 1 10 9
8 8 7 7
0 0 6 6
5 5 2 3
1 1 4 3
1 1 10 9
8 8 7 7
5 5 6 6
0 0 2 3
1 1 4 3
1 1 10 9
8 8 7 7
5 5 6 6
1 1 2 3
1 1 4 3
0 0 10 9
8 8 7 7
5 5 6 6
1 1 2 3
1 1 4 3
0 10 0 9
8 8 7 7
5 5 6 6
1 1 2 3
1 1 4 3
10 0 0 9
8 8 7 7
5 5 6 6
1 1 2 3
1 1 4 3
10 0 9 0
8 8 7 7
5 5 6 6
1 1 2 3
1 1 4 3
10 9 0 0
8 8 7 7
5 5 6 6
1 1 2 3
1 1 4 3
10 9 7 7
8 8 0 0
5 5 6 6
1 1 2 3
1 1 4 3
10 9 7 7
0 8 8 0
5 5 6 6
1 1 2 3
1 1 4 3
10 9 7 7
0 0 8 8
5 5 6 6
1 1 2 3
1 1 4 3
0 9 7 7
10 0 8 8
5 5 6 6
1 1 2 3
1 1 4 3
0 0 7 7
10 9 8 8
5 5 6 6
0 0 2 3
1 1 4 3
1 1 7 7
10 9 8 8
0 0 6 6
5 5 2 3
1 1 4 3
1 1 7 7
10 9 8 8
0 6 6 0
5 5 2 3
1 1 4 3
1 1 7 7
10 9 8 8
0 6 6 3
5 5 2 3
1 1 4 0
1 1 7 7
10 9 8 8
6 6 0 3
5 5 2 3
1 1 4 0
1 1 7 7
10 9 8 8
6 6 2 3
5 5 0 3
1 1 4 0
1 1 7 7
10 9 8 8
6 6 2 3
5 5 4 3
1 1 0 0
1 1 7 7
10 9 8 8
6 6 2 3
5 5 4 3
1 1 7 7
1 1 0 0
10 9 8 8
6 6 2 3
5 5 4 3
1 1 7 7
1 1 8 8
10 9 0 0
6 6 2 3
5 5 4 3
1 1 7 7
1 1 8 8
10 0 9 0
6 6 2 3
5 5 4 3
1 1 7 7
1 1 8 8
0 10 9 0
6 6 2 3
5 5 4 3
1 1 7 7
1 1 8 8
0 10 0 9
6 6 2 3
5 5 4 3
1 1 7 7
1 1 8 8
0 0 10 9
6 6 2 3
5 5 4 3
0 0 7 7
1 1 8 8
1 1 10 9
6 6 2 3
5 5 4 3
0 7 7 0
1 1 8 8
1 1 10 9
6 6 2 3
5 5 4 3
7 7 0 0
1 1 8 8
1 1 10 9
6 6 2 3
5 5 4 3
7 7 8 8
1 1 0 0
1 1 10 9
6 6 2 3
5 5 4 3
7 7 8 8
1 1 10 0
1 1 0 9
6 6 2 3
5 5 4 3
7 7 8 8
1 1 0 10
1 1 0 9
6 6 2 3
5 5 4 3
7 7 8 8
0 1 1 10
0 1 1 9
