65
1 2 2 3
1 2 2 3
4 5 6 7
8 8 9 9
10 0 0 11
1 2 2 3
1 2 2 3
4 5 6 7
8 8 9 9
0 10 0 11
1 2 2 3
1 2 2 3
4 5 6 7
8 8 9 9
0 0 10 11
1 2 2 3
1 2 2 3
4 5 6 7
0 0 9 9
8 8 10 11
1 2 2 3
1 2 2 3
4 5 6 7
0 9 9 0
8 8 10 11
1 2 2 3
1 2 2 3
4 5 6 0
0 9 9 7
8 8 10 11
1 2 2 0
1 2 2 3
4 5 6 3
0 9 9 7
8 8 10 11
1 2 2 0
1 2 2 3
4 5 6 3
9 9 0 7
8 8 10 11
1 2 2 0
1 2 2 3
4 5 6 3
9 9 7 0
8 8 10 11
1 2 2 0
1 2 2 0
4 5 6 3
9 9 7 3
8 8 10 11
1 0 2 2
1 0 2 2
4 5 6 3
9 9 7 3
8 8 10 11
1 0 2 2
1 5 2 2
4 0 6 3
9 9 7 3
8 8 10 11
1 5 2 2
1 0 2 2
4 0 6 3
9 9 7 3
8 8 10 11
1 5 2 2
1 0 2 2
4 6 0 3
9 9 7 3
8 8 10 11
1 5 2 2
1 6 2 2
4 0 0 3
9 9 7 3
8 8 10 11
1 5 2 2
1 6 2 2
4 0 7 3
9 9 0 3
8 8 10 11
1 5 2 2
1 6 2 2
4 7 0 3
9 9 0 3
8 8 10 11
1 5 2 2
1 6 2 2
4 7 3 0
9 9 3 0
8 8 10 11
1 5 2 2
1 6 2 2
4 7 3 0
9 9 3 11
8 8 10 0
1 5 2 2
1 6 2 2
4 7 3 11
9 9 3 0
8 8 10 0
1 5 2 2
1 6 2 2
4 7 3 11
9 9 3 0
8 8 0 10
1 5 2 2
1 6 2 2
4 7 3 11
9 9 3 0
0 8 8 10
1 5 2 2
1 6 2 2
4 7 3 11
9 9 3 10
0 8 8 0
1 5 2 2
1 6 2 2
4 7 3 11
9 9 3 10
0 0 8 8
1 5 2 2
1 6 2 2
4 7 3 11
0 0 3 10
9 9 8 8
1 5 2 2
1 6 2 2
0 7 3 11
4 0 3 10
9 9 8 8
1 5 2 2
1 6 2 2
7 0 3 11
4 0 3 10
9 9 8 8
1 5 2 2
1 6 2 2
7 3 0 11
4 3 0 10
9 9 8 8
1 5 2 2
1 6 2 2
7 3 11 0
4 3 0 10
9 9 8 8
1 5 2 2
1 6 2 2
7 3 0 0
4 3 11 10
9 9 8 8
1 5 0 0
1 6 2 2
7 3 2 2
4 3 11 10
9 9 8 8
1 0 5 0
1 6 2 2
7 3 2 2
4 3 11 10
9 9 8 8
1 0 0 5
1 6 2 2
7 3 2 2
4 3 11 10
9 9 8 8
1 6 0 5
1 0 2 2
7 3 2 2
4 3 11 10
9 9 8 8
1 6 0 5
1 3 2 2
7 3 2 2
4 0 11 10
9 9 8 8
1 0 6 5
1 3 2 2
7 3 2 2
4 0 11 10
9 9 8 8
1 3 6 5
1 3 2 2
7 0 2 2
4 0 11 10
9 9 8 8
1 3 6 5
1 3 2 2
0 7 2 2
4 0 11 10
9 9 8 8
1 3 6 5
1 3 2 2
4 7 2 2
0 0 11 10
9 9 8 8
1 3 6 5
1 3 2 2
4 7 2 2
9 9 11 10
0 0 8 8
1 3 6 5
1 3 2 2
4 7 2 2
9 9 11 10
0 8 8 0
1 3 6 5
1 3 2 2
4 7 2 2
9 9 11 10
8 8 0 0
1 3 6 5
1 3 2 2
4 7 2 2
9 9 0 10
8 8 11 0
1 3 6 5
1 3 2 2
4 7 2 2
9 9 0 0
8 8 11 10
1 3 6 5
1 3 0 0
4 7 2 2
9 9 2 2
8 8 11 10
1 3 0 5
1 3 6 0
4 7 2 2
9 9 2 2
8 8 11 10
1 3 0 5
1 3 0 6
4 7 2 2
9 9 2 2
8 8 11 10
1 0 3 5
1 0 3 6
4 7 2 2
9 9 2 2
8 8 11 10
1 0 3 5
1 7 3 6
4 0 2 2
9 9 2 2
8 8 11 10
1 7 3 5
1 0 3 6
4 0 2 2
9 9 2 2
8 8 11 10
1 7 3 5
1 0 3 6
0 4 2 2
9 9 2 2
8 8 11 10
1 7 3 5
1 4 3 6
0 0 2 2
9 9 2 2
8 8 11 10
1 7 3 5
1 4 3 6
9 9 2 2
0 0 2 2
8 8 11 10
1 7 3 5
1 4 3 6
9 9 2 2
8 8 2 2
0 0 11 10
1 7 3 5
1 4 3 6
9 9 2 2
8 8 2 2
0 11 0 10
1 7 3 5
1 4 3 6
9 9 2 2
8 8 2 2
11 0 0 10
1 7 3 5
1 4 3 6
9 9 2 2
8 8 2 2
11 0 10 0
1 7 3 5
1 4 3 6
9 9 2 2
8 8 2 2
11 10 0 0
1 7 3 5
1 4 3 6
9 9 0 0
8 8 2 2
11 10 2 2
1 7 3 5
1 4 3 6
0 9 9 0
8 8 2 2
11 10 2 2
1 7 3 5
1 4 3 6
0 0 9 9
8 8 2 2
11 10 2 2
1 7 3 5
1 4 3 6
8 8 9 9
0 0 2 2
11 10 2 2
1 7 3 5
1 4 3 6
8 8 9 9
11 0 2 2
0 10 2 2
1 7 3 5
1 4 3 6
8 8 9 9
11 0 2 2
10 0 2 2
1 7 3 5
1 4 3 6
8 8 9 9
11 2 2 0
10 2 2 0
