68
0 0 1 2 2 3
0 0 1 2 2 3
4 5 6 6 6 6
7 8 8 9 9 10
11 12 12 13 13 14
0 1 0 2 2 3
0 1 0 2 2 3
4 5 6 6 6 6
7 8 8 9 9 10
11 12 12 13 13 14
1 0 0 2 2 3
1 0 0 2 2 3
4 5 6 6 6 6
7 8 8 9 9 10
11 12 12 13 13 14
1 0 0 2 2 3
1 5 0 2 2 3
4 0 6 6 6 6
7 8 8 9 9 10
11 12 12 13 13 14
1 5 0 2 2 3
1 0 0 2 2 3
4 0 6 6 6 6
7 8 8 9 9 10
11 12 12 13 13 14
1 0 5 2 2 3
1 0 0 2 2 3
4 0 6 6 6 6
7 8 8 9 9 10
11 12 12 13 13 14
1 0 5 2 2 3
1 0 0 2 2 3
0 4 6 6 6 6
7 8 8 9 9 10
11 12 12 13 13 14
0 0 5 2 2 3
1 0 0 2 2 3
1 4 6 6 6 6
7 8 8 9 9 10
11 12 12 13 13 14
0 0 5 2 2 3
1 4 0 2 2 3
1 0 6 6 6 6
7 8 8 9 9 10
11 12 12 13 13 14
0 0 5 2 2 3
1 0 4 2 2 3
1 0 6 6 6 6
7 8 8 9 9 10
11 12 12 13 13 14
0 0 5 2 2 3
0 1 4 2 2 3
0 1 6 6 6 6
7 8 8 9 9 10
11 12 12 13 13 14
0 0 5 2 2 3
0 1 4 2 2 3
7 1 6 6 6 6
0 8 8 9 9 10
11 12 12 13 13 14
0 0 5 2 2 3
7 1 4 2 2 3
0 1 6 6 6 6
0 8 8 9 9 10
11 12 12 13 13 14
7 0 5 2 2 3
0 1 4 2 2 3
0 1 6 6 6 6
0 8 8 9 9 10
11 12 12 13 13 14
0 7 5 2 2 3
0 1 4 2 2 3
0 1 6 6 6 6
0 8 8 9 9 10
11 12 12 13 13 14
0 7 5 2 2 3
0 1 4 2 2 3
0 1 6 6 6 6
11 8 8 9 9 10
0 12 12 13 13 14
0 7 5 2 2 3
0 1 4 2 2 3
11 1 6 6 6 6
0 8 8 9 9 10
0 12 12 13 13 14
0 7 5 2 2 3
11 1 4 2 2 3
0 1 6 6 6 6
0 8 8 9 9 10
0 12 12 13 13 14
11 7 5 2 2 3
0 1 4 2 2 3
0 1 6 6 6 6
0 8 8 9 9 10
0 12 12 13 13 14
11 7 5 2 2 3
1 0 4 2 2 3
1 0 6 6 6 6
0 8 8 9 9 10
0 12 12 13 13 14
11 7 5 2 2 3
0 0 4 2 2 3
1 0 6 6 6 6
1 8 8 9 9 10
0 12 12 13 13 14
11 7 5 2 2 3
0 0 4 2 2 3
0 0 6 6 6 6
1 8 8 9 9 10
1 12 12 13 13 14
11 7 5 2 2 3
0 0 4 2 2 3
0 6 6 6 6 0
1 8 8 9 9 10
1 12 12 13 13 14
11 7 5 2 2 3
0 0 4 2 2 3
6 6 6 6 0 0
1 8 8 9 9 10
1 12 12 13 13 14
11 7 5 2 2 3
0 0 4 2 2 3
6 6 6 6 0 10
1 8 8 9 9 0
1 12 12 13 13 14
11 7 5 2 2 3
0 0 4 2 2 3
6 6 6 6 10 0
1 8 8 9 9 0
1 12 12 13 13 14
11 7 5 2 2 0
0 0 4 2 2 3
6 6 6 6 10 3
1 8 8 9 9 0
1 12 12 13 13 14
11 7 5 2 2 0
0 0 4 2 2 0
6 6 6 6 10 3
1 8 8 9 9 3
1 12 12 13 13 14
11 7 5 0 2 2
0 0 4 0 2 2
6 6 6 6 10 3
1 8 8 9 9 3
1 12 12 13 13 14
11 7 0 5 2 2
0 0 4 0 2 2
6 6 6 6 10 3
1 8 8 9 9 3
1 12 12 13 13 14
11 7 4 5 2 2
0 0 0 0 2 2
6 6 6 6 10 3
1 8 8 9 9 3
1 12 12 13 13 14
11 7 4 5 2 2
6 6 6 6 2 2
0 0 0 0 10 3
1 8 8 9 9 3
1 12 12 13 13 14
11 7 4 5 2 2
6 6 6 6 2 2
1 0 0 0 10 3
1 8 8 9 9 3
0 12 12 13 13 14
11 7 4 5 2 2
6 6 6 6 2 2
1 8 8 0 10 3
1 0 0 9 9 3
0 12 12 13 13 14
11 7 4 5 2 2
6 6 6 6 2 2
1 8 8 0 10 3
1 0 9 9 0 3
0 12 12 13 13 14
11 7 4 5 2 2
6 6 6 6 2 2
1 8 8 0 10 3
1 9 9 0 0 3
0 12 12 13 13 14
11 7 4 5 2 2
6 6 6 6 2 2
1 8 8 0 0 3
1 9 9 0 10 3
0 12 12 13 13 14
11 7 4 5 2 2
6 6 6 6 2 2
1 8 8 0 0 3
1 9 9 0 10 3
12 12 0 13 13 14
11 7 4 5 2 2
6 6 6 6 2 2
1 8 8 0 0 3
1 9 9 0 10 3
12 12 13 13 0 14
11 7 4 5 2 2
6 6 6 6 2 2
1 8 8 0 0 3
1 9 9 0 0 3
12 12 13 13 10 14
11 7 4 5 2 2
6 6 6 6 2 2
1 8 8 0 3 0
1 9 9 0 3 0
12 12 13 13 10 14
11 7 4 5 2 2
6 6 6 6 2 2
1 8 8 3 0 0
1 9 9 3 0 0
12 12 13 13 10 14
11 7 4 5 0 0
6 6 6 6 2 2
1 8 8 3 2 2
1 9 9 3 0 0
12 12 13 13 10 14
11 7 4 5 0 0
6 6 6 6 0 0
1 8 8 3 2 2
1 9 9 3 2 2
12 12 13 13 10 14
11 7 4 5 0 0
0 6 6 6 6 0
1 8 8 3 2 2
1 9 9 3 2 2
12 12 13 13 10 14
0 7 4 5 0 0
11 6 6 6 6 0
1 8 8 3 2 2
1 9 9 3 2 2
12 12 13 13 10 14
7 0 4 5 0 0
11 6 6 6 6 0
1 8 8 3 2 2
1 9 9 3 2 2
12 12 13 13 10 14
7 0 4 0 5 0
11 6 6 6 6 0
1 8 8 3 2 2
1 9 9 3 2 2
12 12 13 13 10 14
7 0 0 4 5 0
11 6 6 6 6 0
1 8 8 3 2 2
1 9 9 3 2 2
12 12 13 13 10 14
7 0 0 4 0 5
11 6 6 6 6 0
1 8 8 3 2 2
1 9 9 3 2 2
12 12 13 13 10 14
7 0 0 0 4 5
11 6 6 6 6 0
1 8 8 3 2 2
1 9 9 3 2 2
12 12 13 13 10 14
7 0 0 0 4 0
11 6 6 6 6 5
1 8 8 3 2 2
1 9 9 3 2 2
12 12 13 13 10 14
7 0 0 0 0 4
11 6 6 6 6 5
1 8 8 3 2 2
1 9 9 3 2 2
12 12 13 13 10 14
7 6 6 6 6 4
11 0 0 0 0 5
1 8 8 3 2 2
1 9 9 3 2 2
12 12 13 13 10 14
7 6 6 6 6 4
11 8 8 0 0 5
1 0 0 3 2 2
1 9 9 3 2 2
12 12 13 13 10 14
7 6 6 6 6 4
11 0 8 8 0 5
1 0 0 3 2 2
1 9 9 3 2 2
12 12 13 13 10 14
7 6 6 6 6 4
11 0 0 8 8 5
1 0 0 3 2 2
1 9 9 3 2 2
12 12 13 13 10 14
7 6 6 6 6 4
11 0 0 8 8 5
1 9 9 3 2 2
1 0 0 3 2 2
12 12 13 13 10 14
7 6 6 6 6 4
11 9 9 8 8 5
1 0 0 3 2 2
1 0 0 3 2 2
12 12 13 13 10 14
7 6 6 6 6 4
11 9 9 8 8 5
1 0 3 0 2 2
1 0 3 0 2 2
12 12 13 13 10 14
7 6 6 6 6 4
11 9 9 8 8 5
1 0 3 2 2 0
1 0 3 2 2 0
12 12 13 13 10 14
7 6 6 6 6 4
11 9 9 8 8 5
1 3 0 2 2 0
1 3 0 2 2 0
12 12 13 13 10 14
7 6 6 6 6 4
11 9 9 8 8 5
1 3 2 2 0 0
1 3 2 2 0 0
12 12 13 13 10 14
7 6 6 6 6 4
11 9 9 8 8 5
1 3 2 2 0 0
1 3 2 2 10 0
12 12 13 13 0 14
7 6 6 6 6 4
11 9 9 8 8 5
1 3 2 2 0 0
1 3 2 2 10 0
12 12 0 13 13 14
7 6 6 6 6 4
11 9 9 8 8 5
1 3 2 2 0 0
1 3 2 2 10 14
12 12 0 13 13 0
7 6 6 6 6 4
11 9 9 8 8 5
1 3 2 2 0 0
1 3 2 2 10 14
12 12 0 0 13 13
7 6 6 6 6 4
11 9 9 8 8 5
1 3 0 0 0 0
1 3 2 2 10 14
12 12 2 2 13 13
